32
73 73 535 780
0 270 624 -1 -1 -1 -1 -1 -1 3 2 1
1 124 551 -1 -1 -1 -1 2 5 4 -1 1
2 197 551 1 -1 -1 0 3 6 5 4 1
3 270 551 2 -1 0 -1 -1 7 6 5 1
4 124 478 -1 -1 1 2 5 8 -1 -1 1
5 197 478 4 1 2 3 6 9 8 -1 1
6 270 478 5 2 3 -1 7 10 9 8 1
7 343 478 6 3 -1 -1 -1 11 10 9 1
8 197 405 -1 4 5 6 9 12 -1 -1 1
9 270 405 8 5 6 7 10 13 12 -1 1
10 343 405 9 6 7 -1 11 14 13 12 1
11 416 405 10 7 -1 -1 -1 15 14 13 1
12 270 332 -1 8 9 10 13 18 17 16 1
13 343 332 12 9 10 11 14 19 18 17 1
14 416 332 13 10 11 -1 15 20 19 18 1
15 489 332 14 11 -1 -1 -1 -1 20 19 1
16 197 259 -1 -1 -1 12 17 22 21 -1 1
17 270 259 16 -1 12 13 18 23 22 21 1
18 343 259 17 12 13 14 19 24 23 22 1
19 416 259 18 13 14 15 20 25 24 23 1
20 489 259 19 14 15 -1 -1 -1 25 24 1
21 197 186 -1 -1 16 17 22 -1 -1 -1 1
22 270 186 21 16 17 18 23 -1 -1 -1 1
23 343 186 22 17 18 19 24 26 -1 -1 1
24 416 186 23 18 19 20 25 27 26 -1 1
25 489 186 24 19 20 -1 -1 -1 27 26 1
26 416 113 -1 23 24 25 27 30 29 28 1
27 489 113 26 24 25 -1 -1 -1 30 29 1
28 343 40 -1 -1 -1 26 29 31 -1 -1 1
29 416 40 28 -1 26 27 30 -1 31 -1 1
30 489 40 29 26 27 -1 -1 -1 -1 31 1
31 416 -33 -1 28 29 30 -1 -1 -1 -1 1
