15
70 40 269 394
0 62 269 -1 -1 -1 -1 1 3 2 -1 1
1 132 269 0 -1 -1 -1 -1 -1 3 2 1
2 62 229 -1 -1 0 1 3 4 -1 -1 1
3 132 229 2 0 1 -1 -1 5 4 -1 1
4 132 189 -1 2 3 -1 5 8 7 6 1
5 202 189 4 3 -1 -1 -1 -1 8 7 1
6 62 149 -1 -1 -1 4 7 10 9 -1 1
7 132 149 6 -1 4 5 8 11 10 9 1
8 202 149 7 4 5 -1 -1 -1 11 10 1
9 62 109 -1 -1 6 7 10 -1 -1 -1 1
10 132 109 9 6 7 8 11 12 -1 -1 1
11 202 109 10 7 8 -1 -1 -1 12 -1 1
12 202 69 -1 10 11 -1 -1 -1 13 -1 1
13 202 29 -1 -1 12 -1 -1 -1 14 -1 1
14 202 -11 -1 -1 13 -1 -1 -1 -1 -1 1
