000000000000000000000000000000000000000000000000000000000000000000000000000000000000000000000000000000000000000000000000000000000000000
000000000000000000000000000000000000000000000000000000000000000000000000000000000000000000000000000000000000000000000000000000000000000
000000000000000000000000000000000000000000000000000000000000000000000000000000000000000000000000000000000000000000000000000000000000000
000000000000000000000000000000000000000000000000000000000000000000000000000000000000000000000000000000000000000000000000000000000000000
000000000000000000000000000000000000000000000000000000000000000000000000000000000000000000000000000000000000000000000000000000000000000
000000000000000000000000000000000000000000000000000000000000000000000000000000000000000000000000000000000000000000000000000000000000000
000000000000000000000000000000000000000000000000000000000000000000000000000000000000000000000000000000000000000000000000000000000000000
000000000000000000000000000000000000000000000000000000000000000000000000000000000000000000000000000000000000000000000000000000000000000
000000000000000000000000000000000000000000000000000000000000000000000000000000000000000000000000000000000000000000000000000000000000000
000000000000000000000000000000000000000000000000000000000000000000000000000000000000000000000000000000000000000000000000000000000000000
000000000000000000000000000000000000000000000000000000000000000000000000000000000000000000000000000000000000000000000000000000000000000
000000000000000000000000000000000000000000000000000000000000000000000000000000000000000000000000000000000000000000000000000000000000000
000000000000000000000000000000000000000000000000000000000000000000000000000000000000000000000000000000000000000000000000000000000000000
000000000000000000000000000000000000000000000000000000000000000000000000000000000000000000000000000000000000000000000000000000000000000
000000000000000000000000000000000000000000000000000000000000000000000000000000000000000000000000000000000000000000000000000000000000000
000000000000000000000000000000000000000000000000000000000000000000000000000000000000000000000000000000000000000000000000000000000000000
000000000000000000000000000000000000000000000000000000000000000000000000000000000000000000000000000000000000000000000000000000000000000
000000000000000000000000000000000000000000000000000000000000000000000000000000000000000000000000000000000000000000000000000000000000000
000000000000000000000000000000000000000000000000000000000000000000000000000000000000000000000000000000000000000000000000000000000000000
000000000000000000000000000000000000000000000000000000000000000000000000000000000000000000000000000000000000000000000000000000000000000
000000000000000000000000000000000000000000000000000000000000000000000000000000000000000000000000000000000000000000000000000000000000000
000000000000000000000000000000000000000000000000000000000000000000000000000000000000000000000000000000000000000000000000000000000000000
000000000000000000000000000000000000000000000000000000000000000000000000000000000000000000000000000000000000000000000000000000000000000
000000000000000000000000000000000000000000000000000000000000000000000000000000000000000000000000000000000000000000000000000000000000000
000000000000000000000000000000000000000000000000000000000000000000000000000000000000000000000000000000000000000000000000000000000000000
000000000000000000000000000000000000000000000000000000000000000000000000000000000000000000000000000000000000000000000000000000000000000
000000000000000000000000000000000000000000000000000000000000000000000000000000000000000000000000000000000000000000000000000000000000000
000000000000000000000000000000000000000000000000000000000000000000000000000000000000000000000000000000000000000000000000000000000000000
000000000000000000000000000000000000000000000000000000000000000000000000000000000000000000000000000000000000000000000000000000000000000
000000000000000000000000000000000000000000000000000000000000000000000000000000000000000000000000000000000000000000000000000000000000000
000000000000000000000000000000000000000000000000000000000000000000000000000000000000000000000000000000000000000000000000000000000000000
000000000000000000000000000000000000000000000000000000000000000000000000000000000000000000000000000000000000000000000000000000000000000
000000000000000000000000000000000000000000000000000000000000000000000000000000000000000000000000000000000000000000000000000000000000000
000000000000000000000000000000000000000000000000000000000000000000000000000000000000000000000000000000000000000000000000000000000000000
000000000000000000000000000000000000000000000000000000000000000000000000000000000000000000000000000000000000000000000000000000000000000
000000000000000000000000000000000000000000000000000000000000000000000000000000000000000000000000000000000000000000000000000000000000000
000000000000000000000000000000000000000000000000000000000000000000000000000000000000000000000000000000000000000000000000000000000000000
000000000000000000000000000000000000000000000000000000000000000000000000000000000000000000000000000000000000000000000000000000000000000
000000000000000000000000000000000000000000000000000000000000000000000000000000000000000000000000000000000000000000000000000000000000000
000000000000000000000000000000000000000000000000000000000000000000000000000000000000000000000000000000000000000000000000000000000000000
000000000000000000000000000000000000000000000000000000000000000000000000000000000000000000000000000000000000000000000000000000000000000
000000000000000000000000000000000000000000000000000000000000000000000000000000000000000000000000000000000000000000000000000000000000000
000000000000000000000000000000000000000000000000000000000000000000000000000000000000000000000000000000000000000000000000000000000000000
000000000000000000000000000000000000000000000000000000000000000000000000000000000000000000000000000000000000000000000000000000000000000
000000000000000000000000000000000000000000000000000000000000000000000000000000000000000000000000000000000000000000000000000000000000000
000000000000000000000000000000000000000000000000000000000000000000000000000000000000000000000000000000000000000000000000000000000000000
000000000000000000000000000000000000000000000000000000000000000000000000000000000000000000000000000000000000000000000000000000000000000
000000000000000000000000000000000000000000000000000000000000000000000000000000000000000000000000000000000000000000000000000000000000000
000000000000000000000000000000000000000000000000000000000000000000000000000000000000000000000000000000000000000000000000000000000000000
000000000000000000000000000000000000000000000000000000000000000000000000000000000000000000000000000000000000000000000000000000000000000
000000000000000000000000000000000000000000000000000000000000000000000000000000000000000000000000000000000000000000000000000000000000000
000000000000000000000000000000000022222222222222220000000000000000000000001000000000000000000000000000000000000000000000000000000000000
000000000000000000000000000000000001111111111111111100000000000000000000000100000000000000000000000000000000000000000000000000000000000
000000000000000000000000000000000001111111111111111110000000000000000000100011000000000000000000000000000000000000000000000000000000000
000000000000000000000000000000000000011111111111111111000000000000000000100001000000000000000000000000000000000000000000000000000000000
000000000000000000000000000000000000011111111111111001110000000000000000110001000000000000000000000000000000000000000000000000000000000
000000000000000000000000000000000000001111111111111111110000000000000000010001000000000000000000000000000000000000000000000000000000000
000000000000000000000000000000000000000011111111111111110000000000000001110010000000000000000000000000000000000000000000000000000000000
000000000000000000000000000000000000000011111111111100111000000000000001111100000000000000000000000000000000000000000000000000000000000
000000000000000000000000000000000000000001111111111110111110000000001111000100000000000000000000000000000000000000000000000000000000000
000000000000000000000000000000000000000000111111111110001111111001111010010000000000000000000000000000000000000000000000000000000000000
000000000000000000000000000000000000000000011111111110000111111111000000000000000000000000000000000000000000000000000000000000000000000
000000000000000000000000000000000000000000000111111110000000011111110000000000000000000000000000000000000000000000000000000000000000000
000000000000000000000000000000000000000000000111111111100000001111100001000000000000000000000000000000000000000000000000000000000000000
000000000000000000000000000000000000000000000111111111111000000111100000000000000000000000000000000011000000000000000000000000000000000
000000000000000000000000000000000000000000111111111111111100000111110100000000000000000000000000001110000000000000000000000000000000000
000000000000000000000000000000000000000000011111111111111110000011111110000000000000000000000000001100000000000000000000000000000000000
000000000000000000000000000000000000000000001111111111111110000001111111000000000000000000000000000100000000000000000000000000000000000
000000000000000000000000000000000000000000001101111111111111100000111111100000000000000000000000000100000000000000000000000000000000000
000000000000000000000000000000000000000000000100111111111111111000011111100000000000000000000000011100000000000000000000000000000000000
000000000000000000000000000000000000000000000100111111111111111100001111110000000000000000000011111000000000000000000000000000000000000
000000000000000000000000000000000000000000000100010001111111111111000111111000000000000000000111011000000000000000000000000000000000000
000000000000000000000000000000000000000000000010010000111111101111100111111000000000000000011001010000000000000000000000000000000000000
000000000000000000000000000000000000000000000001001001111111100000100011100110000000000000010000111000000000000000000000000000000000000
000000000000000000000000000000000000000000000000110111111111110000001111110110000000000000010000111000000000000000000000000000000000000
000000000000000000000000000000000000000000000000001111111111111100001111111111111110000000010110011000000000000000000000000000000000000
000000000000000000000000000000000000000000000000000011111111111111111111111111111110000000010110111000000000000000000000000000000000000
000000000000000000000000000000000000000000000000000001111111111111111111111111111111100000011111111000000000000000000000000000000000000
000000000000000000000000000000000000000000000000000000111111111111111111111111111111111100100100011000000000000000000000000000000000000
000000000000000000000000000000000000000000000000000000001111111111111111111111111111111111111000110000000000000000000000000000000000000
000000000000000000000000000000000000000000000000000000000011011111111111111111111111111111111000110000000000000000000000000000000000000
000000000000000000000000000000000000000000000000000000000000000111111111111111111111111111111001110000000000000000000000000000000000000
000000000000000000000000000000000000000000000000000000000000000001111111111111111111111111111111111111000000000000000000000000000000000
000000000000000000000000000000000000000000000000000000000000000000001111111111111111111111111111111111000000000000000000000000000000000
000000000000000000000000000000000000000000000000000000000000000000000011111111111111111111111111111011000000000000000000000000000000000
000000000000000000000000000000000000000000000000000000000000000000001111111111111111111111111111110000000000000000000000000000000000000
000000000000000000000000000000000000000000000000000000000000000000000000000111111111111111111111111000000000000000010000000000000000000
000000000000000000000000000000000000000000000000000000000000000000000000000011111111111111111111111100000000000111000000000000000000000
000000000000000000000000000000000000000000000000000000000000000000000000000111111111111111111111111100100000000000000000000000000000000
000000000000000000000000000000000000000000000000000000000000000000000000000011000111111111111111111110100000000000000000000000000000000
000000000000000000000000000000000000000000000000000000000000000000000000000001000001111111111111111100000001000000000000000000000000000
000000000000000000000000000000000000000000000000000000000000000000000000000000011000111111111111111100000100000000000000000000000000000
000000000000000000000000000000000000000000000000000000000000000000000000000000001110111111111111111111001000000000000000000000000000000
000000000000000000000000000000000000000000000000000000000000000000000000000000000101011111111111111110100000000000000000000000000000000
000000000000000000000000000000000000000000000000000000000000000000000000000000000110011111111111111110000000000100000000000000000000000
000000000000000000000000000000000000000000000000000000000000000000000000000000000011101111111111111111000001111000000000000000000000000
000000000000000000000000000000000000000000000000000000000000000000000000000000000011110111111111111111110011111000000000000000000000000
000000000000000000000000000000000000000000000000000000000000000000000000000000000111111111111111111111110011111110000000000000000000000
000000000000000000000000000000000000000000000000000000000000000000000000000000000011010101111111111111110011111111100000000000000000000
000000000000000000000000000000000000000000000000000000000000000000000000000000000111001101111111111111110001111111100000000000000000000
000000000000000000000000000000000000000000000000000000000000000000000000000000000011101110111111111111111111111110000000000000000000000
000000000000000000000000000000000000000000000000000000000000000000000000000000000001111011001111111111111111111110000000000000000000000
000000000000000000000000000000000000000000000000000000000000000000000000000000000000111001110011111111111111111111100000000000000000000
000000000000000000000000000000000000000000000000000000000000000000000000000000000000111000111000111111111111111111000000000000000000000
000000000000000000000000000000000000000000000000000000000000000000000000000000000000001100001000011111111111111111000000000000000000000
000000000000000000000000000000000000000000000000000000000000000000000000000000000000000100000111101111111111111111110000000000000000000
000000000000000000000000000000000000000000000000000000000000000000000000000000000000000000001111000111111111111111111000000000000000000
000000000000000000000000000000000000000000000000000000000000000000000000000000000000000100000111000011111111111111111000000000000000000
000000000000000000000000000000000000000000000000000000000000000000000000000000000000000010000011100110011111111111111000000000000000000
000000000000000000000000000000000000000000000000000000000000000000000000000000000000000000000001000100000011011111111110000000000000000
000000000000000000000000000000000000000000000000000000000000000000000000000000000000001000001001100011011111111111111100111000000000000
000000000000000000000000000000000000000000000000000000000000000000000000000000000000000110000111111101111111111111110000111100000000000
000000000000000000000000000000000000000000000000000000000000000000000000000000000000000001001101011111111101111111110011111000000000000
000000000000000000000000000000000000000000000000000000000000000000000000000000000000000001100111111111111001100001111110111000000000000
000000000000000000000000000000000000000000000000000000000000000000000000000000000000000000100001111000111101001000111100111100000000000
000000000000000000000000000000000000000000000000000000000000000000000000000000000000000000110011111101111110001000001110111000000000000
000000000000000000000000000000000000000000000000000000000000000000000000000000000000000001100011111111001100000100011111111100000000000
000000000000000000000000000000000000000000000000000000000000000000000000000000000000000000100011001111001000100000111011111111000000000
000000000000000000000000000000000000000000000000000000000000000000000000000000000000000000100010101101001111100010110111111111000000000
000000000000000000000000000000000000000000000000002000000000000000000000000000000000000000110001111110000110001110110010110111000000000
000000000000000000000000000000000000000000000000002111000011000000000000000000000000000000100001111110000001001010010010111100000000000
000000000000000000000000000000000000000000000000002111111110000000000000000000000000000000000001111111000001110010110110011100000000000
000000000000000000000000000000000000000000000000002111111111000000000000000000000000000000000001111111000000100010111111011100000000000
000000000000000000000000000000000000000000000000002111111111111100000000000000000000000000000000111111100001100010111000101100000000000
000000000000000000000000000000000000000000000000002111111111111100000000000000000000000000000000011111110001100011111000001100000000000
000000000000000000000000000000000000000000000000002111111111111111000000000000000000000000000000001111111100000011111110000000000000000
000000000000000000000000000000000000000000000000002111111111111111111000000000000000000000001000001111111111111000111100010000000000000
000000000000000000000000000000000000000000000000002111111111111111111111000000000000000000001000011111111111111010111100010000000000000
000000000000000000000000000000000000000000000000002111111111111111111111110000000000000000011111111111111111111111111101010000000000000
000000000000000000000000000000000000000000000000000001111111111111111111111100000000000000111111111111111111111111111100011000000000000
000000000000000000000000000000000000000000000000000000011111111111111111111111111100000001111111111111111111111111111100011000000000000
000000000000000000000000000000000000000000000000000000000111111111111111111111111110000001111111111111111111111111111000001110000000000
000000000000000000000000000000000000000000000000000000000001111111111111111111111111101001111111111111111111111111111000000111100000000
000000000000000000000000000000000000000000000000000000000000111111111111111111111111111111111111111111111111111111110000000011110000000
000000000000000000000000000000000000000000000000000000000000001111111111111111111111111111111111111111111111111111110000110111110000000
000000000000000000000000000000000000000000000000000000000000000010111111111111111111111111111111111111111111111111100001111110100000000
000000000000000000000000000000000000000000000000000000000000000000001111111111111111111111111111111111111111111111100011111000010000000
000000000000000000000000000000000000000000000000000000000000000000000011111111111111111111111111111111111111111111101000110000110000000
000000000000000000000000000000000000000000000000000000000000000000000001111111111111111111111111111111111111111111110000111000110000000
000000000000000000000000000000000000000000000000000000000000000000000000011111111111111111111111111111111111111111111000011001110000000
000000000000000000000000000000000000000000000000000000000000000000000000000000101000001111111111111111111111111111111100011001110000000
000000000000000000000000000000000000000000000000000000000000000000000000000000000000000100111111111100001111111111011111001000110000000
000000000000000000000000000000000000000000000000000000000000000000000000000000000000000000000010101000000111111100001111001100010000000
000000000000000000000000000000000000000000000000000000000000000000000000000000000000000000000000000000000011101000011011001111001000000
000000000000000000000000000000000000000000000000000000000000000000000000000000000000000000000000000000000000001000110011001001101100000
000000000000000000000000000000000000000000000000000000000000000000000000000000000000000000000000000000000010001100010011001000110110000
000000000000000000000000000000000000000000000000000000000000000000000000000000000000000000000000000000000000000010010011100000011111000
000000000000000000000000000000000000000000000000000000000000000000000000000000000000000000000000000000000000000010001011100000001011100
000000000000000000000000000000000000000000000000000000000000000000000000000000000000000000000000000000000000000000000111110000001111100
000000000000000000000000000000000000000000000000000000000000000000000000000000000000000000000000000000000000000000000111110000000111100
000000000000000000000000000000000000000000000000000000000000000000000000000000000000000000000000000000000000000000000011111110000110000
000000000000000000000000000000000000000000000000000000000000000000000000000000000000000000000000000000000000000000000011011110000100000
000000000000000000000000000000000000000000000000000000000000000000000000000000000000000000000000000000000000000000000001000111001100000
000000000000000000000000000000000000000000000000000000000000000000000000000000000000000000000000000000000000000000000001100111111000000
000000000000000000000000000000000000000000000000000000000000000000000000000000000000000000000000000000000000000000000000100011111000000
000000000000000000000000000000000000000000000000000000000000000000000000000000000000000000000000000000000000000000000011000011111000000
000000000000000000000000000000000000000000000000000000000000000000000000000000000000000000000000000000000000000000000011000011110000000
000000000000000000000000000000000000000000000000000000000000000000000000000000000000000000000000000000000000000001000110000011110000000
000000000000000000000000000000000000000000000000000000000000000000000000000000000000000000000000000000000000000001001100000011100000000
000000000000000000000000000000000000000000000000000000000000000000000000000000000000000000000000000000000000000011001000000001100000000
000000000000000000000000000000000000000000000000000000000000000000000000000000000000000000000000000000000000000011010000000001110000000
000000000000000000000000000000000000000000000000000000000000000000000000000000000000000000000000000000000000000010010000001111110000000
000000000000000000000000000000000000000000000000000000000000000000000000000000000000000000000000000000000000000110000000001111110000000
000000000000000000000000000000000000000000000000000000000000000000000000000000000000000000000000000000000000000110000000010011100000000
000000000000000000000000000000000000000000000000000000000000000000000000000000000000000000000000000000000000000111100000100011100000000
000000000000000000000000000000000000000000000000000000000000000000000000000000000000000000000000000000000000001111000000100011000000000
000000000000000000000000000000000000000000000000000000000000000000000000000000000000000000000000000000000000001100000000000011000000000
000000000000000000000000000000000000000000000000000000000000000000000000000000000000000000000000000000000000010000000000000011110000000
000000000000000000000000000000000000000000000000000000000000000000000000000000000000000000000000000000000000110000000000000011111000000
000000000000000000000000000000000000000000000000000000000000000000000000000000000000000000000000000000000001000000000000001011000000000
000000000000000000000000000000000000000000000000000000000000000000000000000000000000000000000000000000000000000000000000000111100000000
000000000000000000000000000000000000000000000000000000000000000000000000000000000000000000000000000000000010000000000000000101100000000
000000000000000000000000000000000000000000000000000000000000000000000000000000000000000000000000000000000000000000000000000011100000000
000000000000000000000000000000000000000000000000000000000000000000000000000000000000000000000000000000000100000000000000000000110000000
000000000000000000000000000000000000000000000000000000000000000000000000000000000000000000000000000000000000000000000000000100110000000
000000000000000000000000000000000000000000000000000000000000000000000000000000000000000000000000000000001000000000000000000000110000000
000000000000000000000000000000000000000000000000000000000000000000000000000000000000000000000000000000010000000000000000000000110000000
000000000000000000000000000000000000000000000000000000000000000000000000000000000000000000000000000000010000000000000000000000111000000
000000000000000000000000000000000000000000000000000000000000000000000000000000000000000000000000000000000000010000000000001000001000000
000000000000000000000000000000000000000000000000000000000000000000000000000000000000000000000000000000100001000000000000001001011000000
000000000000000000000000000000000000000000000000000000000000000000000000000000000000000000000000000000110000000000000010001010111000000
000000000000000000000000000000000000000000000000000000000000000000000000000000000000000000000000000000000000000001000100001011111000000
000000000000000000000000000000000000000000000000000000000000000000000000000000000000000000000000000000000000000001001100000111000000000
000000000000000000000000000000000000000000000000000000000000000000000000000000000000000000000000000000000000000011001100001011000000000
000000000000000000000000000000000000000000000000000000000000000000000000000000000000000000000000000000000000000010001000001001100000000
000000000000000000000000000000000000000000000000000000000000000000000000000000000000000000000000000000000000000000001100100000000000000
000000000000000000000000000000000000000000000000000000000000000000000000000000000000000000000000000000000000010010000110010000000000000
000000000000000000000000000000000000000000000000000000000000000000000000000000000000000000000000000000000000000010000011000000000000000
000000000000000000000000000000000000000000000000000000000000000000000000000000000000000000000000000000000000010001000001100000000000000
000000000000000000000000000000000000000000000000000000000000000000000000000000000000000000000000000000000000000011000011100000000000000
000000000000000000000000000000000000000000000000000000000000000000000000000000000000000000000000000000000001001000110010000000000000000
000000000000000000000000000000000000000000000000000000000000000000000000000000000000000000000000000000000000000000110110000000000000000
000000000000000000000000000000000000000000000000000000000000000000000000000000000000000000000000000000000000000000011000000000000000000
000000000000000000000000000000000000000000000000000000000000000000000000000000000000000000000000000000000000001000000000000000000000000
000000000000000000000000000000000000000000000000000000000000000000000000000000000000000000000000000000000000000000000000000000000000000
